000011111110000000000011111111111000000001111000001110010000111100000001110100000100000000011101000000010000000111001000001010000001110010000000000000011100000000000000000110000000000000000011100000000000000000110000000000000001011100000000000000001110000000000000000011000000000000000001110000000000000000111000000000010000011100000000001100000110000000000111000011000000111111110001110111111111110000011111111111100000000111111000000000000001000000000000000000000000000000000000000000000000000000000000000000000000000000000000000000000000
0.12
000111111111000000000011111011111000000001111000000111000000011000000001110000000000011000001100000010000000000011000000000000000000110000000000000000001100000000000000000111000000000000000001100000000000000000111000000000000000011100000000000000001110000000000000000011000000000000000001110000000000000000111000000000000000011100000000000000001110000000000000000011000000000000000001100000000111100000111111111111111000111111111111111000001110000000000000000000000010000000000000000000000000000000000000000000000000000000000000000000000000
0.12
000000110000000000000000111111100000000000011110010000111000001111100000001110000111011010000111100011100111100011111100010001110001110011000000011100111100110000000110001110001100000001110001000011100000011000001000111000000110000100000110000001100000000001100000011101000000011100000111000000000111000001110000000001110000011100000000001100000111000000000011000001110000000000110000011100000000000100000111000000000001000001110000000000010000000000000000000000000000000000000000000000000000000000000000000000000000000000000000000000000000
0.11
110000000000000000001100000000000000000011000000000000000000111000000000000000000110000000000000000001100000000000000000011000000000000000000111000000000000000001110000000000000000001100000000000000000011000000000000000000111000000000000000001110000000000000000011100000000000000000011000000000000000000110000000000000000001110000000000000000001100000000000000000011000000000000000000111000000000000000001110000000000000000001100000000000000000010000000000000000000000000000000000000000000000000000000000000000000000000000000000000000000000
0.11
000111000000000000000011110000000000000000111110000000000000011011100000000000001110011000000000000011000111000000000000000001110000000000000000011100000000000000000011000000000000000000110000000000000000001110000000000000000011100000000000000000011000000000000000000111000000000000000001110000000000000000001100000000000000000011000000000000000000111000000000000000001110000000000000000001100000000000000000000000000000000000000000000000000000000000000000000000000000000000000000000000000000000000000000000000000000000000000000000000000000
0.11
011111000000000000001110000000000000000011000000000000000000010000000000000000000000000000000000000000000000000000000000000000000000000000000000000000000000000000000000000000000000001111111000000000001111111111000000000011100000111000000000000000000111000000000000010001110000000000000000011100000000000000001110000000000000000011100000000000000011110000000000000111110000000000000001111111000000000000000000111100000000000000000011000000000000000000111000000000000000001110000000000000000011100000000000000000111000000000000000011100000000
0.13
000000000000000111110000000000000011111000000000000000111000000000000000000110000000011100000000110000001111000000001100000111110000000001100011111100000000000001110011000000000000111000110000000000001100001100000000000000000011000000000000000000110000000000000000001100000000000000000011100000000000000000111000000000000000001110000000000100000011100000000011000000111000000001110000000110000000111000000001100000001110000000111000000111110000000110000001111100000001100000011111000000011100000000000000000110000000000000000001110000000000
0.11
111111111100000000001111111111100000000011110111111100000000110001000111000000001100010000111000000001100111001110000000011000111011100000000011000000111000000000000000011110000000000000000111000000000000000001110000000000000000111000000000000000011110000000000000000111000000000000000011100000000000000001110000000000000000011100000000000000001110000000000000000111000000000000000011100000000000000001110000000000000000011100000000111000001111111111111110000011111111111111100000111110000000000000000000000000000000000000000000000000000000
0.12
000000111000000000000000011110000000000000001111100000000000001111011000000000000111100110000000000001110001100000000000001000011100000000000000000111000000000000000001110000000000000000011100000000000000000111000000000000000001110000000000000000011100000000010000000111000000001100000001110000000111000000011100000001100000000111000000111000000001110000001111000000011100000011110000000111000000000000000001110000000000000000011100000000000000000111000000000000000001110000000000000000000000000000000000000000000000000000000000000000000000
0.11
000000000111100000000000000001111000000000000000111110000000000000001111100000000000000110111000000000000011101110000000000000110011100000000000011100111000000000001110001110000000000011000011100000000001110000111000000000111000001110000000001100000011100000000111000000111000000001111111111111110000011111111111111100000000000000111000000000000000001110000000000000000011100000000000000000111000000000000000001110000000000000000000000000000000000000000000000000000000000000000000000000000000000000000000000000000000000000000000000000000000
0.14
000000110000000000000000011110000000000000001111100000000000000111111000000000000011101110000000011101111001100000001111011100111100000111110110000111000011101100000001110001110011000000011100011000110000000111000000001100000001110000000011000000001110000000110000000011100000001100000000111000000001000000001110000000010000000011100000000100000000011000000000000000000111000000000000000001110000000000000000011100000000000000000111000000000000000001110000000000000000001110000000000000000011100000000000000000000000000000000000000000000000
0.11
001110000000000000000111100000000000000011111000000000000000110110000000000000001001100000000000000000011100000000000000000111000000000000000001110000000000000000011100000000000000000111000000000000000000110000000000000000001100000000000000000011000000000000000000110000000000000000001110000000000000000011100000000000000000111000000000000000001110000000000000000011100000000000000000111000000000000000000111000000000000000001100000000000000000000000000000000000000000000000000000000000000000000000000000000000000000000000000000000000000000
0.11
000001110000000000000000111100000000000000011111000000000000001110111000000000000011000110000000000001110001100000000000011000011000000000000000000110000000000100000001110000000011000000011100000000110000000011000000011100000000110000000110000000001100000011000000000011000000110000000000111000001100000000000110000110000000000001100001100000000000011000110000000000000111001100000000000001110111000000000000001101100000000000000011111000000000000000111111111100000000000011111111000000000000111111000000000000000000000000000000000000000000
0.11
000111000000000000000001110000000000000000111110000000000000001101100000000000000110011000000000000001100110000000000000011001100000000000001100011100000000000011000111000000000000100000110000000000001000001100000000000010000011000000000000000000111001000000000000011111110000000011111111111100000000111111111000000000001110000110000000000000000001100000000000000000011000000000000000000111000000000000000000000000000000000000000000000000000000000000000000000000000000000000000000000000000000000000000000000000000000000000000000000000000000
0.14
000011100000000000110001111000000000011100111111000000000110011101110000000001101110011100000000011001000111000000000110000000110000000001110000001100000000001100000011100000000001000000111000000000000000001110000000000000000011100000000001000000011000000000110000000110000000001100000001100000000111000000011000000001100000000111000000011100000001110000000011000000001100000000110000000011000000000100000000110000000000000000000000000000000000000000000000000000000000000000000000000000000000000000000000000000000000000000000000000000000000
0.11
000011111110000000000011111111110000000001110000001100000000011000000011100000000110000000011000000001100000000110000000011000000011100000000111000000110000000000111000111000000000000111111100000000000000011111110000000000001100001111000000000110000000111000000011000000000110000000110000000001110000011100000000011100000110000000000111000001110000000001100000001100000000111000000011111011111100000000011111111110000000000000010000000000000000000000000000000000000000000000000000000000000000000000000000000000000000000000000000000000000000
0.18
000001110000000000000001111100000000111100111111000000111111011101110000011110011110011100000110000001000111000011100000000001110000111000000000011100001100000000000111000011000000000001110000110000000000011100001100000000000111000011000000000001110000111000000000011100001110000000000111000011100000000001110000111000000000011100000110000000000111000001110000000001110000011100000000011100000011100000000111000000011111000001110000000011110000000000000000000000000000000000000000000000000000000000000000000000000000000000000000000000000000
0.11
011110000000000000001111110000000000000011001110000000000000000001110000000000000000001110000000000000000011100000000000000000011000000000000000000111000000000000000001110000000000000000011100000000000000000111000000000000000001110000000000000000011100000000000000000111000000000000000001110000000000000000011100000000000000000111000000000010000001100000000000110000111000000000001111111100000000000001111110000000000000000000000000000000000000000000000000000000000010000000000000000000000000000000000000000000000000000000000000000000000000
0.1
000000111000000000000000011110000000000000001111100000000000000111111000000000000111101110000000000001110011100000000001011000111000000000110000000110000000001100000011100000000011000000011100000001110000000111000000011000000001110000001110000000011100000011100000000111000000111000000001110000001100000000011100000110000000000111000001111100000001110000111111000000011110001111110000000111100011110000000000111001101000000000001110100000000000000011100100010000000000111001001100000000001110111000000000000000000110000000000000000000110000
0.11
000001110000000000000000111100000000000000001111000000000000000011111000000000000001101110000000000000011001100000000000000110011000000000000011100111000000000000110001110000000000011100011100000000000111000011000000000001110000111000000000011000001110010000001100000011111100000011111111111111000000111111111111000000001111111001110000000011100000011100000000010000000011000000000000000000111000000000100000000000000000000000000000000000000000000000000000000000000000000000000000000000000000000000000000000000000000000000000000000000000000
0.14
000000001111000000000000000011110000000000000001111100000000000000111011000000000000011100110000000000000110001100000000000000000011100000000000000000111000000000000000000110000000000000000001100000000000000000011000000000000000000111000000010000000001110000000111000000001100000001100000000011000000001000000000110000000000000000001110000000000000000011100000000000000000011000000000000000000110000000000000000000000000000000000000000000000000000000000000000000000000000000000000000000000000000000000000000000000000000000000000000000000000
0.11
000000000111000000000000000001110000000000000000111100000000000000011111000000000000000110110000000000000011101100000000000000110011000000000000011100110000000000001110001100000000000011000011000000000001110000110000000000011000001100000000001110000011000000000011000000111000000001110001111111110000011111111111111100000111111111111111000000000000001110000000000000000011100000000000000000111000000000000000001110000000000000000000000000000000000000000000000000000000000000000000000000000000000000000000000000000000000000000000000000000000
0.14
000000000011111100000000000011111111100000000001111000111100000000111000000111100000000100000000111000000000000000001110000000000000000011100000000000001100111000000000000111101110000000000000011011000000000000000011110000000000000000111100000000000000001110000000000000000011111000000000000101110000000000000000111100000000000000001110000000000000000111000000000000000001110000000000000000111100000000000000001100000011000000000111111111110000000001111111111100000000011111100000000000000000000000000000000000000000000000000000000000000000
0.12
100000000000011100001100000000011111110011100000001111111110111100000111000001110111000011100000001101110000110000000011011100001100000000010111000111000000000101110001110000000000011000011100000000001110000111000000000011100000111000000000110000001110000000001111000011100000000010000000111000000000100000000110000000000000000001110000000000000000011100000000000000000011100000010000000000011100001100011110000111111111111111110000011111111111111000000000000000000000000000000000000000000000000000000000000000000000000000000000000000000000
0.1
000000111000000000110000111110000000001100011111100000000111001111111000000001110111001110000000011111110011100000000111010000111000000001110000001110000000000000000011100000000000000000111000000000000000001110000000000000000011100000000000000000111000000000000000001110000000000000000011100000000000000000111000000010000000001110000000111100000011100000001111000000111000000000110000001110000000000000000011100000000000000000111000000000000000001110000000000000000000000000000000000000000000000000000000000000000000000000000000000000000000
0.11
001111111111000000000011111111110000000000111001011100000000001100000000000000000011000000000000000000110000000000000000001100000000000000000111000000000000000001110000000000000000011111111000000000000111111111100000000001110000111100000000000000000011100000000000000000011000000000000000000111000000000000000001110000000000000000011100000000000000000111000000000000000001110000000000000000111000000010000000001110000000111110001111000000001111111111100000000000111111000000000000000000000000000000000000000000000000000000000000000000000000
0.15
000000111000000000000000001110000000000000000111110000000000000011111100000000000001110011000000000000011100110000000000001110001110000000010001000011100000001100000000011100000011000010000111000000110000000001110000001100000000011100000111000000000111000000110000000000111000011100000000001110000111000000000011100001100000000000011000001100000000000111000011000000000001110000110000000000001100001100000000000011000001000000000000111000010000000000001111000000000000000011100000101100000000000000001110000000000000000000000000000000000000
0.11
000000000011000000000000001111110000000000011111110110000000000111100000100000000001110000000000000000111000000000000000001110000000000000000011000000000000000000110000000000000000011100000000000000000011000111111100000001110011100111100000011101100000111000000110100000000011000000110000000000110000001100000000001100000011000000000011000000110000000000110000000110000000001100000001100000000011000000001110000001100000000001111011111000000000001111111000000000000000000000000000000000000000000000000000000000000000000000000000000000000000
0.16
