000001111000000000000001111111100000000000111110111100000000011100000011100000000111000000011100000001100000000111000000111000000000111000000110000000001110000001100000000001100000011000000000011100000111000000001111000001110000000011110000001110000001101100000011111001110011000000011111111000110000000001111000001100000000000000000011000000000000000000110000000000000000001100000000000000000111000000000000000001100000000000000000111000000000000000111100000000000011111100000000000000011100000000000000000000000000000000000000000000000000
0.19
000000110000000111000000001100000001110000000011000000011100000000110000000111000000001100000000110000000011000000001110111111111111110011111111111111111100011100000011000000000001000000110000000000000000001100000000000000000011000000000000000000111000000000000000001100011000000000000000000010000000000000000000110000000000000000000110000000000000000000100000000000000000001000000000000000000001000000000000000000000000000000000000000000000000000000000000000000000000000000000000000000000000000000000000000000000000000000000000000000000000
0.3
000000011111000000000000011111111100000000001111111111100000000111100000111100000001110000000111000000111000000000111111001110000000111111110011100000000111100000111000000000111000000110000000001110000001110000000111110000011110000111111111000011111111111111110000001111110011110000000000000000011000000000000000000110000000000000000011100000000000000000111000000000000000011100000000000000001111000000000000000111100000000000111111110000000000001111110000000000000000000000000000000000000000000000000000000000000000000000000000000000000000
0.19
000000111110000000000000111111000000000000011110000000000000001110000000000000000011000000000000000001110000000000000000011000000000000000000110000000000000000001100000000000000000011000011111110000000110001111111110000001100110000011110000011111000000011100000111100000000011000000110000000000110000001100000000001110000011100000000011100000111000000000110000000111000000001100000000111000000111000000001111101111100000000000111111100000000000000001000000000000000000000000000000000000000000000000000000000000000000000000000000000000000000
0.16
000000000001100000110000000000011000011100000000000110000111000000000001100001100000000000011000011100000000001111111111000001111111111111111000011111111100001111000000000110000011110000000001110000011000000000011100000010000000000111000000100000000001110000000000000000001100000000000000000000000000000000000000000000000000000000000000000000000000000000000000000000000000000000000000000000000000000000000000000000000000000000000000000000000000000000000000000000000000000000000000000000000000000000000000000000000000000000000000000000000000
0.3
000000001111110000000000001111111111000000000111100001111000000001110000001110000000111000000001110000001110000000001100000011000000000011110000111000000000111111111110000000001110111111100000000011101000011100000001111000000111100001110110100000111111111001100000000011111000011000000000000000000110000000000000000011100000000000000000110000000000000000011100000000000000001110000000000000001111100000000000111111100000000000001111100000000000000000000000000000000000000000000000000000000000000000000000000000000000000000000000000000000000
0.19
000000000001110000000000000000111100000000000000001111000000000000000111110000000000000001101100000000000000110011000000000000011100111000000000000110001110000000000011100011100010000000110000111001110000011100001110001100000110000011100011000011000000111000110001110000001110000100011000000011100011001110000000011111110011000000000111111101110000001111111110011111111111111111100111111111111111000001000000000001100000000000000000011100000000000000000111000000000000000001110000000000000000011100000000000000000000100000000000000000001000
0.14
000000000000110000000000000000001100000000000000000000100000000000000000000000000000000000000000000000000000000000000000000000000000000000000000000000000000000100000000000001111111000000000011111111100000000000111110000000000000000000000000000100000000000000000011100000000000000000011000000000000000000110000000000000000001100000000000000000001101111100000000000111111111000000001111111000000000000011111100000000000000111101100000000000001111011000000000000010000110000000000000000001110000000000001000001100000000000000001000000000000000
0.3
000000000000000000000000000000000000000000000000000100000000000000000011000000000000001111111000000011111111111110000000111111000011000000001100000000110000000000000000011000000000000000000110000000100000000001100001110000000000011000000010000000001110000011110000000011000000111100000000110000000000000000001100000000000000000011000000000000000001110000000000000000011000000000000000000110000000111100000001100000001111000000111000000011110000001110000000000000000011000000000000000000110000000000000000001100000000000000000111000000000000
0.17
000000001110000000000000000111100000000000000001111000000000000000110110000000000000001101100000000000000110011000000000000001100111000000000000111001110000000000001100001100000011000011000011000000110001100000110000001100011000001100000011001100000011000000110011000000111111001101110111111111111111011111111111101111110111100000011000000100000000000110000000000000000001110000000000000000011100000000000000000000000000000000000000000000000000000000000000000000000000000000000000000000000000000000000000000000000000000000000000000000000000
0.14
000000000000000111110000000000000011110000000000000001110000000000000000011100000000000000001110000000000000000011100000000000000000111000000000000000001100000100011000000011000111000110000000110011110001100000001111110000011000000011110000000111000000111100001001111111101110000011111111110011100000111111000000011000000000110000000111000000000110000001110000000001100000001110000000011000000011110000000110000000011111000000000000000011110000000000000000001100000000000000000000000000000000000000000000000000000000000000000000000000000000
0.3
000000111000000000000001111111000000000000111111000000000000011110000000000000001110000000000000000011100000000000000000110000000000000000001100000000000000000011000000000000000000100000111000000000001000111111100000000010011111111100000000111110000011100000001110000000011000111111100000000111011111110000000001110111001100000000001100000011000000000011000000111000000000110000001110000000011100111101110000000111001111011110000011110011000011111111111000000000011111111100000000000001111100000000000000000000000000000000000000000000000000
0.16
000001111110000000000000111111111000000000011111111111000000001111000001110000000011100000011110110001110000000011101100011100000000011011100111000000000111111001110000000001110110011100000000011101100111000000000111011100111000000011111111001110000011111111110011111001111111011100011111111001110111000001111100011100110000000000001110001100000000000011100011000000000000111000110000000000011100001100000000000111000000000000000011100000000001100111110000000000011111111000000000000111111000000000000000000000000000000000000000000000000000
0.19
000000000000001111110000000000000111111100000000000011100001000000000001110000000000000000011100000000000000000111000000011000000001110000000110000000001100000001110000000011100001111100000000011110111011000000000011111110110000000000011111101111111110001110011111111111100111000011111110000001100000101110000000111000001011100000001110000010011000000011100000000110000000111000000001100000001110000000011100000001110000000110000000011111110000000000000011111100000000000000000000000000000000000000000000000000000000000000000000000000000000
0.3
011111100000000000001111111110000000000011000011100000000000100000011100000000001000000111000000000010000001110000000000100000011100000000001000000111000000000011000011100000000000111101110000000000000111111100000001111100111111100011111111011100111110111110001110000011110000000011000000011100000000110000000011000000001100000000111000000111000000001111111111110000000011111111111100000001110111110011100000111100000000111111111110000000000111111111000000000000000000000000000000000000000000000000000000000000000000000000000000000000000000
0.18
000000111110000000000011111111100000000001111111100000000000011100000000000000000110000000000000000001100000000000000000011100000000000000000111000000000000000001110000110000000000011111111111100000000011111111111100111100111000000111111111000000000000111110000000000000001110000000000000000001100000000000000000011000000000000000000110000000000000000011100000000000000001111000000000000000111100000000011111111110000000000111111111000000000000111110000000000000000000000000000000000000000000000000000000000000000000000000000000000000000000
0.15
000000000000000000000000000000000000000000000000000000000000000000000000000000000000000000000000000000001110000000000000000011100000000000010000011000000000001100000110000000000111000001110000010011100000001101111100111000000111111111001110011111111100000011101111111110000000111011000001100000001110000000011000000001110000000110000000011100000001110000000011000000011100000000000000000000000000000000000000000000000000000000000000000000000000000000000000000000000000000000000000000000000000000000000000000000000000000000000000000000000000
0.3
000001111110000000000000111111111000111100011110001111111111001110000011111111000111000000011110000001110000000001100000011100000000011100000111000000000111000101110000000001111111011100000000111111110011100000001111100000111100001111110000000111111111011100000000011111000111000000000000000001110000000000000000111000000000000000001110000000000000000111000000000000000011110000000000000011111000000000011111111100000000000111111100000000000000000000000000000000000000000000000000000000000000000000000000000000000000000000000000000000000000
0.19
000000110000000000000000011110000000000000001111100000000000000111111000000000000011101110000000001011110011100000000011011000111000000000110000001110000000001100000011100000000011000000111000000000110000001110000111111100000011100001111111000000111000000000110000000110000000001100000001100000000011000000011000000000110000000111000000001100000001110000000011000000011000000000000000000111000000000000000001110000000000000000011100000000000000000111000000000000000001100000000000000000000000000000000000000000000000000000000000000000000000
0.11
000000000000001111110001000000000111111100011000000001100000000110000000111000000001100000001100000000011000000011000000000110000000110000001111111111001100000011111111110011100000000110000000011100000001100000000111111100011000000000111111000110000000000000000001100000000000000000011000000000000000000000000000000000000000000000000000000000000000000000000000000000000000000111110000000000000001111100000000000000001000000000000000000000000000000000000000000000000000000000000000000000000000000000000000000000000000000000000000000000000000
0.3
000011000000000000000111111110000000000011111111110000000000110000011100000000001100000011100000000010000000011000000000100000000110000000111000000001110011111110000000011100111110110000001111000000001110000011110000001011111111111100000000011111100111000100000000000001110011111100000000011100111111000000000111001110100000000001100000000000000000111000000000000000011100000011000011111110000000000000111111000000000000000100000000000000000000000000000000000000000000000000000000000000000000000000000000000000000000000000000000000000000000
0.19
000011111111100000000001111111111100000000111110000111100000001110000000111100000011100000000111000001110000000000111000011100000000001110000111000000000011100001110000000000111000011100000000001110000011100000000111100000111100000111111111000111111111101111110000111111110011111000000001100000111000000000000000001110000000000000000011100000000000000001110000000000000000011100000000000000001110000000000000001111000000000011111111100000000000111111110000000000001111100000000000000000000000000000000000000000000000000000000000000000000000
0.19
000000000000000111110000000000011111111100000010000111111110100001110000000000001100011100000000000011000111000000000000110000110000000000001100001110000110000011000011101111110000110001111111111100001111111111110000000011111111100000000000111100011100000000001100000111000000000011000001110000000000110000001110000000001000000011100000000010000000111000000001000000000000000000110000000000000000001100000000000000000011000000000000000001110000000000000000011100000000000000000000000000000000000000000000000000000000000000000000000000000000
0.3
000000000011100000000011111111111000000011111111111110000000111111000011100000000000000000111000000000000000001110000000000000000111000000000000000001110000000011000000011100000000111000001110000001111110000011100001111100000000111000011110000000011100000000000000000111000000000000000001110000000000000000011100000001110000001110000000011100000011100000000111000000111000000000000000011100000000000000000111000000000000000001110000000000000000111000000000000000001110000000000000000000000000000000000000000000000000000000000000000000000000
0.17
